avg_Bleu_4: 0.11212319980754498
avg_METEOR: 0.23714775474207034
avg_ROUGE_L: 0.4169452079109995
avg_q-BlEU1: 0.47982555300105145
avg_self-BLEU2: 0.4925386453339448
len_diff: -0.10580485796624126
multi_Bleu_4_F1: 0.06781499716311874
multi_Bleu_4_prec: 0.06899448202261156
multi_Bleu_4_rec: 0.07810506664622266
multi_METEOR_F1: 0.17072986271411966
multi_METEOR_prec: 0.17268665922589158
multi_METEOR_rec: 0.19446524113942187
multi_ROUGE_L_F1: 0.30173642976159115
multi_ROUGE_L_prec: 0.3050323404684542
multi_ROUGE_L_rec: 0.3429625069787022
multi_q-BLEU1_F1: 0.3037930075230208
multi_q-BLEU1_prec: 0.3068107147952482
multi_q-BLEU1_rec: 0.34654681334932774
