avg_Bleu_4: 0.07777407307901985
avg_METEOR: 0.20515843228370576
avg_ROUGE_L: 0.37668961637370196
avg_q-BlEU1: 0.43500682375568867
avg_self-BLEU2: 0.6618469117559423
len_diff: -0.11033347056401811
multi_Bleu_4_F1: 0.051411700247984374
multi_Bleu_4_prec: 0.05218730135105638
multi_Bleu_4_rec: 0.058515239379653576
multi_METEOR_F1: 0.15775558780471735
multi_METEOR_prec: 0.15907645759260478
multi_METEOR_rec: 0.17941737283658138
multi_ROUGE_L_F1: 0.28790672243537035
multi_ROUGE_L_prec: 0.2902350311360461
multi_ROUGE_L_rec: 0.3268909477506011
multi_q-BLEU1_F1: 0.28781262812743275
multi_q-BLEU1_prec: 0.2897890363732924
multi_q-BLEU1_rec: 0.3278607794269248
