avg_Bleu_4: 0.1692606296687744
avg_METEOR: 0.2995720173507227
avg_ROUGE_L: 0.5004086265132803
avg_q-BlEU1: 0.5673456143201487
avg_self-BLEU2: 0.6914772144704341
len_diff: -0.11033347056401811
multi_Bleu_4_F1: 0.11065771693190912
multi_Bleu_4_prec: 0.11221838157828468
multi_Bleu_4_rec: 0.1265490028766178
multi_METEOR_F1: 0.229944103694815
multi_METEOR_prec: 0.232375111144242
multi_METEOR_rec: 0.2595106490126971
multi_ROUGE_L_F1: 0.3807259001276102
multi_ROUGE_L_prec: 0.3844129694382063
multi_ROUGE_L_rec: 0.4305711223994723
multi_q-BLEU1_F1: 0.38924052614135396
multi_q-BLEU1_prec: 0.39349811861569184
multi_q-BLEU1_rec: 0.4406414437299782
