avg_Bleu_4: 0.06835407366860406
avg_METEOR: 0.19481356500221103
avg_ROUGE_L: 0.361534235377633
avg_q-BlEU1: 0.41940428447631173
avg_self-BLEU2: 0.3732406343727317
len_diff: -3.2935364347468092
multi_Bleu_4_F1: 0.05659981772128495
multi_Bleu_4_prec: 0.049309390091264
multi_Bleu_4_rec: 0.0814864948797504
multi_METEOR_F1: 0.15460153709239155
multi_METEOR_prec: 0.13380752006829266
multi_METEOR_rec: 0.22073537099579357
multi_ROUGE_L_F1: 0.27551926305705204
multi_ROUGE_L_prec: 0.23802545675645934
multi_ROUGE_L_rec: 0.39351413413978137
multi_q-BLEU1_F1: 0.2806237158395749
multi_q-BLEU1_prec: 0.24176554486331048
multi_q-BLEU1_rec: 0.4030412568669646
