avg_Bleu_4: 0.24708291431814314
avg_METEOR: 0.35138840841309926
avg_ROUGE_L: 0.5645248667680167
avg_q-BlEU1: 0.6345859799218782
avg_self-BLEU2: 0.7624803130441327
len_diff: 1.760806916426513
multi_Bleu_4_F1: 0.14970661426911386
multi_Bleu_4_prec: 0.20002394581982436
multi_Bleu_4_rec: 0.13400860560804082
multi_METEOR_F1: 0.25217405790846514
multi_METEOR_prec: 0.3269959036186287
multi_METEOR_rec: 0.22961350435230088
multi_ROUGE_L_F1: 0.40296485550551253
multi_ROUGE_L_prec: 0.5210513189059078
multi_ROUGE_L_rec: 0.3679897151421141
multi_q-BLEU1_F1: 0.4170818156293405
multi_q-BLEU1_prec: 0.5417219343759145
multi_q-BLEU1_rec: 0.3798264354133082
