avg_Bleu_4: 0.11644924871612436
avg_METEOR: 0.22650985072700636
avg_ROUGE_L: 0.41961419029545405
avg_q-BlEU1: 0.4760483755288653
avg_self-BLEU2: 0.3491126033783492
len_diff: 0.3919308357348703
multi_Bleu_4_F1: 0.07796807491281829
multi_Bleu_4_prec: 0.0854363496687596
multi_Bleu_4_rec: 0.08176411258750232
multi_METEOR_F1: 0.1792910856848897
multi_METEOR_prec: 0.1934218223112462
multi_METEOR_rec: 0.1905850645955217
multi_ROUGE_L_F1: 0.3208332193362148
multi_ROUGE_L_prec: 0.3452732361345748
multi_ROUGE_L_rec: 0.34118959154701056
multi_q-BLEU1_F1: 0.3207987803956459
multi_q-BLEU1_prec: 0.34597496481744905
multi_q-BLEU1_rec: 0.34117993606585184
