avg_Bleu_4: 0.10449472966516886
avg_METEOR: 0.23084048986913813
avg_ROUGE_L: 0.4034578326654857
avg_q-BlEU1: 0.46570311709960555
avg_self-BLEU2: 0.5063108690231448
len_diff: -0.08522025524907369
multi_Bleu_4_F1: 0.06431564410000366
multi_Bleu_4_prec: 0.06492683029289781
multi_Bleu_4_rec: 0.0735608677751246
multi_METEOR_F1: 0.16421147086493218
multi_METEOR_prec: 0.16584441854194518
multi_METEOR_rec: 0.1870072085963168
multi_ROUGE_L_F1: 0.2899819580777565
multi_ROUGE_L_prec: 0.29262008518552185
multi_ROUGE_L_rec: 0.33000960760593545
multi_q-BLEU1_F1: 0.29133243031958334
multi_q-BLEU1_prec: 0.29391644217602947
multi_q-BLEU1_rec: 0.3324971381668105
