avg_Bleu_4: 0.07930362221063383
avg_METEOR: 0.20666568949742797
avg_ROUGE_L: 0.37736898038700656
avg_q-BlEU1: 0.4356449772133621
avg_self-BLEU2: 0.6680121742586201
len_diff: 1.4199258954302183
multi_Bleu_4_F1: 0.04702738188211852
multi_Bleu_4_prec: 0.05790458225234498
multi_Bleu_4_rec: 0.04578218504060115
multi_METEOR_F1: 0.1456000684456033
multi_METEOR_prec: 0.1805232010476776
multi_METEOR_rec: 0.14137221089602883
multi_ROUGE_L_F1: 0.2641674562150836
multi_ROUGE_L_prec: 0.32677352400892035
multi_ROUGE_L_rec: 0.2562501137733841
multi_q-BLEU1_F1: 0.2642101063021017
multi_q-BLEU1_prec: 0.32786750784100666
multi_q-BLEU1_rec: 0.2564264502182941
