avg_Bleu_4: 0.11908892952701984
avg_METEOR: 0.2320296169415293
avg_ROUGE_L: 0.4280838988557532
avg_q-BlEU1: 0.48605725522153115
avg_self-BLEU2: 0.17838598791804927
len_diff: 1.7764512144915603
multi_Bleu_4_F1: 0.0696772592356704
multi_Bleu_4_prec: 0.09507354546029406
multi_Bleu_4_rec: 0.06112560364090874
multi_METEOR_F1: 0.16557043881613484
multi_METEOR_prec: 0.21788627122761908
multi_METEOR_rec: 0.14977466248103427
multi_ROUGE_L_F1: 0.3002316949080261
multi_ROUGE_L_prec: 0.3923469043497757
multi_ROUGE_L_rec: 0.2723591081076074
multi_q-BLEU1_F1: 0.29955448049914374
multi_q-BLEU1_prec: 0.39159401782545616
multi_q-BLEU1_rec: 0.27208819917383437
