avg_Bleu_4: 0.2026036352219136
avg_METEOR: 0.3220274281929001
avg_ROUGE_L: 0.5285241162586231
avg_q-BlEU1: 0.5942400866124065
avg_self-BLEU2: 0.7565528251660885
len_diff: -0.10292301358583779
multi_Bleu_4_F1: 0.13690375015741718
multi_Bleu_4_prec: 0.14050312029635995
multi_Bleu_4_rec: 0.15251154351374943
multi_METEOR_F1: 0.25036147103830303
multi_METEOR_prec: 0.2540464254866507
multi_METEOR_rec: 0.2801836957604783
multi_ROUGE_L_F1: 0.40628609714355457
multi_ROUGE_L_prec: 0.41154975856662857
multi_ROUGE_L_rec: 0.45611569838222843
multi_q-BLEU1_F1: 0.41594094313396734
multi_q-BLEU1_prec: 0.422151608654732
multi_q-BLEU1_rec: 0.46712643284903954
