avg_Bleu_4: 0.0782459703946359
avg_METEOR: 0.20552422163590284
avg_ROUGE_L: 0.3785557089084767
avg_q-BlEU1: 0.4371976380095412
avg_self-BLEU2: 0.6668225862866846
len_diff: 0.0032935364347468094
multi_Bleu_4_F1: 0.05360092463489156
multi_Bleu_4_prec: 0.053609741808231096
multi_Bleu_4_rec: 0.053594725114274745
multi_METEOR_F1: 0.17505280928321118
multi_METEOR_prec: 0.17507799198562685
multi_METEOR_rec: 0.17503536284643095
multi_ROUGE_L_F1: 0.3228356432881898
multi_ROUGE_L_prec: 0.32288093968899534
multi_ROUGE_L_rec: 0.32280444806476666
multi_q-BLEU1_F1: 0.31985743031586955
multi_q-BLEU1_prec: 0.31989769024040937
multi_q-BLEU1_rec: 0.31982970900899
