avg_Bleu_4: 0.12676035603314623
avg_METEOR: 0.23584775578361397
avg_ROUGE_L: 0.4411918350679303
avg_q-BlEU1: 0.49270172755002656
avg_self-BLEU2: 0.0
len_diff: 3.889666529435982
multi_Bleu_4_F1: 0.037339458696926155
multi_Bleu_4_prec: 0.10340449249911342
multi_Bleu_4_rec: 0.024613602281900782
multi_METEOR_F1: 0.09103304631174693
multi_METEOR_prec: 0.23584775578361397
multi_METEOR_rec: 0.0612454244390506
multi_ROUGE_L_F1: 0.16936895922808548
multi_ROUGE_L_prec: 0.43570198623062445
multi_ROUGE_L_rec: 0.11425387053329275
multi_q-BLEU1_F1: 0.16584325033307004
multi_q-BLEU1_prec: 0.4274046206905107
multi_q-BLEU1_rec: 0.11173317792340876
