avg_Bleu_4: 0.20009036745539358
avg_METEOR: 0.3188068640450477
avg_ROUGE_L: 0.521681085580392
avg_q-BlEU1: 0.586698127367264
avg_self-BLEU2: 0.753085280140276
len_diff: -0.09592424866200082
multi_Bleu_4_F1: 0.1352913459809455
multi_Bleu_4_prec: 0.1388416632434383
multi_Bleu_4_rec: 0.15003065163135845
multi_METEOR_F1: 0.248202168649455
multi_METEOR_prec: 0.25215041511216224
multi_METEOR_rec: 0.2769093610715977
multi_ROUGE_L_F1: 0.40297149451839426
multi_ROUGE_L_prec: 0.4084967252764439
multi_ROUGE_L_rec: 0.4520276488896072
multi_q-BLEU1_F1: 0.4115295354806626
multi_q-BLEU1_prec: 0.41809087661612204
multi_q-BLEU1_rec: 0.4613104798056944
