avg_Bleu_4: 0.0701227765527324
avg_METEOR: 0.19242741936270497
avg_ROUGE_L: 0.3579512260503518
avg_q-BlEU1: 0.41302029821198666
avg_self-BLEU2: 0.21631095353399557
len_diff: -0.10992177850967476
multi_Bleu_4_F1: 0.054218393945014376
multi_Bleu_4_prec: 0.05456407050067097
multi_Bleu_4_rec: 0.06275119481149881
multi_METEOR_F1: 0.15966752729254144
multi_METEOR_prec: 0.16023221619417
multi_METEOR_rec: 0.18285137654259082
multi_ROUGE_L_F1: 0.2893057537153435
multi_ROUGE_L_prec: 0.2907425729307106
multi_ROUGE_L_rec: 0.3296800890622138
multi_q-BLEU1_F1: 0.2916271714528575
multi_q-BLEU1_prec: 0.2925305087235694
multi_q-BLEU1_rec: 0.33415379590850985
