avg_Bleu_4: 0.07310163250179437
avg_METEOR: 0.19792664221693324
avg_ROUGE_L: 0.36405310256426127
avg_q-BlEU1: 0.423944061622033
avg_self-BLEU2: 0.7176378018239672
len_diff: 1.760806916426513
multi_Bleu_4_F1: 0.04077453859207353
multi_Bleu_4_prec: 0.05526854247578178
multi_Bleu_4_rec: 0.03649070945143687
multi_METEOR_F1: 0.13673604869519512
multi_METEOR_prec: 0.17946617695843553
multi_METEOR_rec: 0.12408650554727851
multi_ROUGE_L_F1: 0.2512513472540782
multi_ROUGE_L_prec: 0.3278366549605016
multi_ROUGE_L_rec: 0.2286830775724873
multi_q-BLEU1_F1: 0.2520695766300914
multi_q-BLEU1_prec: 0.3291917492024372
multi_q-BLEU1_rec: 0.22958782951839316
