avg_Bleu_4: 0.06152651725673907
avg_METEOR: 0.1847583548206569
avg_ROUGE_L: 0.34400655675066655
avg_q-BlEU1: 0.40254343505159496
avg_self-BLEU2: 0.42944614605478215
len_diff: -7.14985590778098
multi_Bleu_4_F1: 0.05422914342986192
multi_Bleu_4_prec: 0.04320502599654738
multi_Bleu_4_rec: 0.0948639356840204
multi_METEOR_F1: 0.1366479421259426
multi_METEOR_prec: 0.10923932207462109
multi_METEOR_rec: 0.2358124145064988
multi_ROUGE_L_F1: 0.24147752805310851
multi_ROUGE_L_prec: 0.1924552486675659
multi_ROUGE_L_rec: 0.4175625375656087
multi_q-BLEU1_F1: 0.24729235821243276
multi_q-BLEU1_prec: 0.19706265322356628
multi_q-BLEU1_rec: 0.42817397008083874
