avg_Bleu_4: 0.16619243778191337
avg_METEOR: 0.29728778482484186
avg_ROUGE_L: 0.4966304422465422
avg_q-BlEU1: 0.563092850945031
avg_self-BLEU2: 0.6705132666100768
len_diff: 0.0032935364347468094
multi_Bleu_4_F1: 0.12382963032394938
multi_Bleu_4_prec: 0.12383844749728205
multi_Bleu_4_rec: 0.12382343080333705
multi_METEOR_F1: 0.27645189583639024
multi_METEOR_prec: 0.276477078538806
multi_METEOR_rec: 0.27643444939961004
multi_ROUGE_L_F1: 0.4516325080508566
multi_ROUGE_L_prec: 0.4516778044516621
multi_ROUGE_L_rec: 0.45160131282743343
multi_q-BLEU1_F1: 0.45617971339516145
multi_q-BLEU1_prec: 0.45621997331970104
multi_q-BLEU1_rec: 0.4561519920882818
