avg_Bleu_4: 0.07849278960636764
avg_METEOR: 0.2047860433873249
avg_ROUGE_L: 0.37859455312017076
avg_q-BlEU1: 0.4387744774865088
avg_self-BLEU2: 0.7239159652665269
len_diff: -0.10292301358583779
multi_Bleu_4_F1: 0.05368100511369797
multi_Bleu_4_prec: 0.05426842765357734
multi_Bleu_4_rec: 0.06259421501932304
multi_METEOR_F1: 0.15851515353852977
multi_METEOR_prec: 0.15943903572823157
multi_METEOR_rec: 0.18153158578084563
multi_ROUGE_L_F1: 0.28971826769122033
multi_ROUGE_L_prec: 0.29157776879274255
multi_ROUGE_L_rec: 0.3305025467308718
multi_q-BLEU1_F1: 0.29240015122279145
multi_q-BLEU1_prec: 0.29412440840537185
multi_q-BLEU1_rec: 0.33469394678150244
