avg_Bleu_4: 0.12303112569943671
avg_METEOR: 0.23268437347236742
avg_ROUGE_L: 0.42779517387367116
avg_q-BlEU1: 0.48545346995974914
avg_self-BLEU2: 0.16430186353978402
len_diff: 1.9876492383696995
multi_Bleu_4_F1: 0.07014712418072111
multi_Bleu_4_prec: 0.09905326830162035
multi_Bleu_4_rec: 0.06093433092825675
multi_METEOR_F1: 0.16032208189142444
multi_METEOR_prec: 0.22010352604998232
multi_METEOR_rec: 0.14206940262045234
multi_ROUGE_L_F1: 0.2906325779628635
multi_ROUGE_L_prec: 0.39589722208840716
multi_ROUGE_L_rec: 0.25801429857420205
multi_q-BLEU1_F1: 0.28896960059452476
multi_q-BLEU1_prec: 0.3950054691453335
multi_q-BLEU1_rec: 0.25622634798328314
