avg_Bleu_4: 0.07148191784292761
avg_METEOR: 0.19816957156608112
avg_ROUGE_L: 0.36370762938282153
avg_q-BlEU1: 0.42364470209883126
avg_self-BLEU2: 0.7132460336415737
len_diff: -0.09592424866200082
multi_Bleu_4_F1: 0.04860489531010108
multi_Bleu_4_prec: 0.04919667690884088
multi_Bleu_4_rec: 0.05563101759394195
multi_METEOR_F1: 0.15338119905654254
multi_METEOR_prec: 0.15464244068044125
multi_METEOR_rec: 0.17481254619525757
multi_ROUGE_L_F1: 0.2807208292454577
multi_ROUGE_L_prec: 0.28268313949947615
multi_ROUGE_L_rec: 0.31959940600959236
multi_q-BLEU1_F1: 0.2815177581907568
multi_q-BLEU1_prec: 0.28315815444248565
multi_q-BLEU1_rec: 0.3217499264664887
