avg_Bleu_4: 0.11217047138245728
avg_METEOR: 0.23724396255684604
avg_ROUGE_L: 0.4150516441032606
avg_q-BlEU1: 0.4785849607113247
avg_self-BLEU2: 0.5271653103394189
len_diff: -0.09715932482503088
multi_Bleu_4_F1: 0.0677040230535252
multi_Bleu_4_prec: 0.06846196410527061
multi_Bleu_4_rec: 0.07809661075597503
multi_METEOR_F1: 0.1670324964474753
multi_METEOR_prec: 0.16843867695283565
multi_METEOR_rec: 0.19081487984260764
multi_ROUGE_L_F1: 0.29498944339933286
multi_ROUGE_L_prec: 0.29734667990682323
multi_ROUGE_L_rec: 0.33615819066118335
multi_q-BLEU1_F1: 0.29758238712017787
multi_q-BLEU1_prec: 0.29975433543366714
multi_q-BLEU1_rec: 0.3404210514745296
