avg_Bleu_4: 0.07655936663550324
avg_METEOR: 0.20301455852870937
avg_ROUGE_L: 0.37389885781354143
avg_q-BlEU1: 0.43693171117587354
avg_self-BLEU2: 0.7253580868587838
len_diff: 0.3750514615067929
multi_Bleu_4_F1: 0.05109276252083982
multi_Bleu_4_prec: 0.05516870520389377
multi_Bleu_4_rec: 0.0542618288185823
multi_METEOR_F1: 0.1555508862082394
multi_METEOR_prec: 0.16697432340521676
multi_METEOR_rec: 0.16606051129014981
multi_ROUGE_L_F1: 0.2833132436950846
multi_ROUGE_L_prec: 0.3033857376566234
multi_ROUGE_L_rec: 0.3026805575759297
multi_q-BLEU1_F1: 0.28776587435310746
multi_q-BLEU1_prec: 0.3087845513752814
multi_q-BLEU1_rec: 0.3075828965056914
