avg_Bleu_4: 0.19637255680567273
avg_METEOR: 0.31831203977346584
avg_ROUGE_L: 0.5223566079366442
avg_q-BlEU1: 0.5873254934667334
avg_self-BLEU2: 0.740316081742407
len_diff: 0.007410456978180321
multi_Bleu_4_F1: 0.15162696153805946
multi_Bleu_4_prec: 0.15165738498850656
multi_Bleu_4_rec: 0.15160129343841905
multi_METEOR_F1: 0.2997261133612818
multi_METEOR_prec: 0.29978441088379054
multi_METEOR_rec: 0.29967651801573425
multi_ROUGE_L_F1: 0.48083333811088447
multi_ROUGE_L_prec: 0.4809399149745526
multi_ROUGE_L_rec: 0.4807430844949986
multi_q-BLEU1_F1: 0.48624359366860054
multi_q-BLEU1_prec: 0.4864623314556568
multi_q-BLEU1_rec: 0.4861150554488916
