avg_Bleu_4: 0.06645959270869006
avg_METEOR: 0.18565276489562607
avg_ROUGE_L: 0.3521040500591495
avg_q-BlEU1: 0.40509157599051143
avg_self-BLEU2: 0.20107170446789566
len_diff: -0.09921778509674763
multi_Bleu_4_F1: 0.05137834037617358
multi_Bleu_4_prec: 0.05130914116565145
multi_Bleu_4_rec: 0.06027416254855527
multi_METEOR_F1: 0.15405399434758918
multi_METEOR_prec: 0.15433306321815976
multi_METEOR_rec: 0.177235450041041
multi_ROUGE_L_F1: 0.28405710122408784
multi_ROUGE_L_prec: 0.2848756972009732
multi_ROUGE_L_rec: 0.32487431896060087
multi_q-BLEU1_F1: 0.28479139121161146
multi_q-BLEU1_prec: 0.2853254902645578
multi_q-BLEU1_rec: 0.3276149166097014
