avg_Bleu_4: 0.06383308311369518
avg_METEOR: 0.17916950369138784
avg_ROUGE_L: 0.3384550080062436
avg_q-BlEU1: 0.392597024801845
avg_self-BLEU2: 0.18453376144458727
len_diff: -0.08892548373816385
multi_Bleu_4_F1: 0.04925446003787277
multi_Bleu_4_prec: 0.0493539054452026
multi_Bleu_4_rec: 0.057287072172860797
multi_METEOR_F1: 0.14970027804025007
multi_METEOR_prec: 0.14992776431464205
multi_METEOR_rec: 0.17214062613707526
multi_ROUGE_L_F1: 0.27499111159425094
multi_ROUGE_L_prec: 0.27574698904339484
multi_ROUGE_L_rec: 0.3148845328364709
multi_q-BLEU1_F1: 0.2759419661466925
multi_q-BLEU1_prec: 0.276463916961549
multi_q-BLEU1_rec: 0.3173086999662468
