avg_Bleu_4: 0.2152123308743388
avg_METEOR: 0.3320164610262033
avg_ROUGE_L: 0.5417563785832733
avg_q-BlEU1: 0.6079643376775309
avg_self-BLEU2: 0.7577769343923915
len_diff: 0.3750514615067929
multi_Bleu_4_F1: 0.14200859013873426
multi_Bleu_4_prec: 0.15467997375053102
multi_Bleu_4_rec: 0.1494236772184912
multi_METEOR_F1: 0.25411872316690925
multi_METEOR_prec: 0.27376272780069366
multi_METEOR_rec: 0.268977426868839
multi_ROUGE_L_F1: 0.4106154298702993
multi_ROUGE_L_prec: 0.4410700751640589
multi_ROUGE_L_rec: 0.4357740422190507
multi_q-BLEU1_F1: 0.42171618108800374
multi_q-BLEU1_prec: 0.4552091491501074
multi_q-BLEU1_rec: 0.4467680596830313
