avg_Bleu_4: 0.06539120502000073
avg_METEOR: 0.18986586573308345
avg_ROUGE_L: 0.35625305258370193
avg_q-BlEU1: 0.4147766997793453
avg_self-BLEU2: 0.4297699768527166
len_diff: -6.358995471387402
multi_Bleu_4_F1: 0.05746703136486279
multi_Bleu_4_prec: 0.04642200094833516
multi_Bleu_4_rec: 0.0967785554513675
multi_METEOR_F1: 0.14301516108842957
multi_METEOR_prec: 0.115332882987668
multi_METEOR_rec: 0.23874954660184047
multi_ROUGE_L_F1: 0.2530279087491175
multi_ROUGE_L_prec: 0.2037975751985939
multi_ROUGE_L_rec: 0.4220296883381648
multi_q-BLEU1_F1: 0.2591110486529356
multi_q-BLEU1_prec: 0.20856236162464162
multi_q-BLEU1_rec: 0.43325146596787256
