avg_Bleu_4: 0.0784995515832445
avg_METEOR: 0.2038380574806444
avg_ROUGE_L: 0.37463930148438296
avg_q-BlEU1: 0.43545917544146523
avg_self-BLEU2: 0.7213526260533065
len_diff: 0.007410456978180321
multi_Bleu_4_F1: 0.05496261833225521
multi_Bleu_4_prec: 0.05499304178268821
multi_Bleu_4_rec: 0.05493695023262806
multi_METEOR_F1: 0.17440031328112887
multi_METEOR_prec: 0.1744586108036376
multi_METEOR_rec: 0.1743507179355814
multi_ROUGE_L_F1: 0.3202853346215436
multi_ROUGE_L_prec: 0.32039191148521173
multi_ROUGE_L_rec: 0.3201950810056577
multi_q-BLEU1_F1: 0.31939799776827205
multi_q-BLEU1_prec: 0.31961673555532827
multi_q-BLEU1_rec: 0.3192694595485632
