avg_Bleu_4: 0.19457770832196275
avg_METEOR: 0.31596920972389964
avg_ROUGE_L: 0.5168988041577984
avg_q-BlEU1: 0.581085768796702
avg_self-BLEU2: 0.7374747873939228
len_diff: 0.012350761630300536
multi_Bleu_4_F1: 0.1493229236875217
multi_Bleu_4_prec: 0.14941304173703543
multi_Bleu_4_rec: 0.14926197830029056
multi_METEOR_F1: 0.2967535425850689
multi_METEOR_prec: 0.29695315194592076
multi_METEOR_rec: 0.29662718397090376
multi_ROUGE_L_F1: 0.4761013499285251
multi_ROUGE_L_prec: 0.47645854356058853
multi_ROUGE_L_rec: 0.4758773444663984
multi_q-BLEU1_F1: 0.4807192325885725
multi_q-BLEU1_prec: 0.4811894120706075
multi_q-BLEU1_rec: 0.4804559936336792
