avg_Bleu_4: 0.11153852911557854
avg_METEOR: 0.22118099595514226
avg_ROUGE_L: 0.42412526504467957
avg_q-BlEU1: 0.47584852534830413
avg_ref_self-BLEU2: 0.2505517740554833
avg_self-BLEU2: 0.38822983892465635
len_diff: 1.4458624948538492
multi_Bleu_4_F1: 0.06252211853699453
multi_Bleu_4_prec: 0.07885429521685129
multi_Bleu_4_rec: 0.0601427350777021
multi_METEOR_F1: 0.15553833997430727
multi_METEOR_prec: 0.19473067274976016
multi_METEOR_rec: 0.1503010655236024
multi_ROUGE_L_F1: 0.289672355050003
multi_ROUGE_L_prec: 0.3621842663877606
multi_ROUGE_L_rec: 0.27936175181651113
multi_q-BLEU1_F1: 0.28482610701311345
multi_q-BLEU1_prec: 0.35698787921297737
multi_q-BLEU1_rec: 0.2749915436353265
