avg_Bleu_4: 0.0721035118984889
avg_METEOR: 0.1963005267624528
avg_ROUGE_L: 0.35991261773813593
avg_q-BlEU1: 0.4208692207282697
avg_self-BLEU2: 0.7124295471723573
len_diff: 0.012350761630300536
multi_Bleu_4_F1: 0.05047415053938721
multi_Bleu_4_prec: 0.05056426857619569
multi_Bleu_4_rec: 0.05041320516231992
multi_METEOR_F1: 0.1679406002854262
multi_METEOR_prec: 0.168140209646278
multi_METEOR_rec: 0.16781424167126094
multi_ROUGE_L_F1: 0.30819707692453935
multi_ROUGE_L_prec: 0.3085542705566029
multi_ROUGE_L_rec: 0.3079730714624128
multi_q-BLEU1_F1: 0.30791984600474526
multi_q-BLEU1_prec: 0.3083900254867804
multi_q-BLEU1_rec: 0.3076566070498521
