avg_Bleu_4: 0.20377522925593036
avg_METEOR: 0.3252404808213065
avg_ROUGE_L: 0.5340561940428364
avg_q-BlEU1: 0.6051824242548467
avg_self-BLEU2: 0.6953295350101056
len_diff: 1.4199258954302183
multi_Bleu_4_F1: 0.12138524249288554
multi_Bleu_4_prec: 0.15631384558440542
multi_Bleu_4_rec: 0.11557921015332247
multi_METEOR_F1: 0.23195175390709855
multi_METEOR_prec: 0.2902585910819355
multi_METEOR_rec: 0.2230285168713923
multi_ROUGE_L_F1: 0.37873538354492636
multi_ROUGE_L_prec: 0.47192935771362304
multi_ROUGE_L_rec: 0.36502188894685816
multi_q-BLEU1_F1: 0.39160242454541716
multi_q-BLEU1_prec: 0.49097458826280943
multi_q-BLEU1_rec: 0.3766128160605581
