avg_Bleu_4: 0.1266948365698214
avg_METEOR: 0.23398585712937228
avg_ROUGE_L: 0.42654758397946624
avg_q-BlEU1: 0.48539425335593733
avg_self-BLEU2: 0.17043279753233592
len_diff: 1.7612186084808563
multi_Bleu_4_F1: 0.07566073112684411
multi_Bleu_4_prec: 0.10177259947019848
multi_Bleu_4_rec: 0.06725815829202104
multi_METEOR_F1: 0.16786550295746017
multi_METEOR_prec: 0.21975471303747823
multi_METEOR_rec: 0.15246620231905106
multi_ROUGE_L_F1: 0.300493187026137
multi_ROUGE_L_prec: 0.39158103868337035
multi_ROUGE_L_rec: 0.2734278088713371
multi_q-BLEU1_F1: 0.30108518838838466
multi_q-BLEU1_prec: 0.3926063900338741
multi_q-BLEU1_rec: 0.27405643262643237
